ThetaMat=[0,0.854714808665411,0.923239382134468,0.963904226959452,1.00006631782384,1.03760150198842,1.08339327028452,1.17226733106656;0,0.854714808665411,0.923239382134468,0.963904226959452,1.00006631782384,1.03760150198842,1.08339327028452,1.17226733106656;0,0.854714808665411,0.923239382134468,0.963904226959452,1.00006631782384,1.03760150198842,1.08339327028452,1.17226733106656;0,0.854714808665411,0.923239382134468,0.963904226959452,1.00006631782384,1.03760150198842,1.08339327028452,1.17226733106656;0,0.854714808665411,0.923239382134468,0.963904226959452,1.00006631782384,1.03760150198842,1.08339327028452,1.17226733106656;0,0.854714808665411,0.923239382134468,0.963904226959452,1.00006631782384,1.03760150198842,1.08339327028452,1.17226733106656;0,0.854714808665411,0.923239382134468,0.963904226959452,1.00006631782384,1.03760150198842,1.08339327028452,1.17226733106656;0,0.854714808665411,0.923239382134468,0.963904226959452,1.00006631782384,1.03760150198842,1.08339327028452,1.17226733106656;0,0.854714808665411,0.923239382134468,0.963904226959452,1.00006631782384,1.03760150198842,1.08339327028452,1.17226733106656;0,0.854714808665411,0.923239382134468,0.963904226959452,1.00006631782384,1.03760150198842,1.08339327028452,1.17226733106656;0,0.854714808665411,0.923239382134468,0.963904226959452,1.00006631782384,1.03760150198842,1.08339327028452,1.17226733106656;0,0.854714808665411,0.923239382134468,0.963904226959452,1.00006631782384,1.03760150198842,1.08339327028452,1.17226733106656;0,0.854714808665411,0.923239382134468,0.963904226959452,1.00006631782384,1.03760150198842,1.08339327028452,1.17226733106656;0,0.854714808665411,0.923239382134468,0.963904226959452,1.00006631782384,1.03760150198842,1.08339327028452,1.17226733106656;0,0.854714808665411,0.923239382134468,0.963904226959452,1.00006631782384,1.03760150198842,1.08339327028452,1.17226733106656;0,0.854714808665411,0.923239382134468,0.963904226959452,1.00006631782384,1.03760150198842,1.08339327028452,1.17226733106656;0,0.854714808665411,0.923239382134468,0.963904226959452,1.00006631782384,1.03760150198842,1.08339327028452,1.17226733106656;0,0.854714808665411,0.923239382134468,0.963904226959452,1.00006631782384,1.03760150198842,1.08339327028452,1.17226733106656;0,0.854714808665411,0.923239382134468,0.963904226959452,1.00006631782384,1.03760150198842,1.08339327028452,1.17226733106656;0,0.854714808665411,0.923239382134468,0.963904226959452,1.00006631782384,1.03760150198842,1.08339327028452,1.17226733106656;0,0.854714808665411,0.923239382134468,0.963904226959452,1.00006631782384,1.03760150198842,1.08339327028452,1.17226733106656;0,0.854714808665411,0.923239382134468,0.963904226959452,1.00006631782384,1.03760150198842,1.08339327028452,1.17226733106656;0,0.854714808665411,0.923239382134468,0.963904226959452,1.00006631782384,1.03760150198842,1.08339327028452,1.17226733106656;0,0.854714808665411,0.923239382134468,0.963904226959452,1.00006631782384,1.03760150198842,1.08339327028452,1.17226733106656;0,0.854714808665411,0.923239382134468,0.963904226959452,1.00006631782384,1.03760150198842,1.08339327028452,1.17226733106656;0,0.854714808665411,0.923239382134468,0.963904226959452,1.00006631782384,1.03760150198842,1.08339327028452,1.17226733106656;0,0.854714808665411,0.923239382134468,0.963904226959452,1.00006631782384,1.03760150198842,1.08339327028452,1.17226733106656;0,0.854714808665411,0.923239382134468,0.963904226959452,1.00006631782384,1.03760150198842,1.08339327028452,1.17226733106656;0,0.854714808665411,0.923239382134468,0.963904226959452,1.00006631782384,1.03760150198842,1.08339327028452,1.17226733106656;0,0.854714808665411,0.923239382134468,0.963904226959452,1.00006631782384,1.03760150198842,1.08339327028452,1.17226733106656;0,0.854714808665411,0.923239382134468,0.963904226959452,1.00006631782384,1.03760150198842,1.08339327028452,1.17226733106656;0,0.854714808665411,0.923239382134468,0.963904226959452,1.00006631782384,1.03760150198842,1.08339327028452,1.17226733106656;0,0.854714808665411,0.923239382134468,0.963904226959452,1.00006631782384,1.03760150198842,1.08339327028452,1.17226733106656;0,0.854714808665411,0.923239382134468,0.963904226959452,1.00006631782384,1.03760150198842,1.08339327028452,1.17226733106656;0,0.854714808665411,0.923239382134468,0.963904226959452,1.00006631782384,1.03760150198842,1.08339327028452,1.17226733106656;0,0.854714808665411,0.923239382134468,0.963904226959452,1.00006631782384,1.03760150198842,1.08339327028452,1.17226733106656;0,0.854714808665411,0.923239382134468,0.963904226959452,1.00006631782384,1.03760150198842,1.08339327028452,1.17226733106656;0,0.854714808665411,0.923239382134468,0.963904226959452,1.00006631782384,1.03760150198842,1.08339327028452,1.17226733106656;0,0.854714808665411,0.923239382134468,0.963904226959452,1.00006631782384,1.03760150198842,1.08339327028452,1.17226733106656;0,0.854714808665411,0.923239382134468,0.963904226959452,1.00006631782384,1.03760150198842,1.08339327028452,1.17226733106656;1,1,1,1,1,1,1,1;1,1,1,1,1,1,1,1;1,1,1,1,1,1,1,1;1,1,1,1,1,1,1,1;1,1,1,1,1,1,1,1;1,1,1,1,1,1,1,1;1,1,1,1,1,1,1,1;1,1,1,1,1,1,1,1;1,1,1,1,1,1,1,1;1,1,1,1,1,1,1,1;1,1,1,1,1,1,1,1;1,1,1,1,1,1,1,1;1,1,1,1,1,1,1,1;1,1,1,1,1,1,1,1;1,1,1,1,1,1,1,1;1,1,1,1,1,1,1,1;1,1,1,1,1,1,1,1;1,1,1,1,1,1,1,1;1,1,1,1,1,1,1,1;1,1,1,1,1,1,1,1;1,1,1,1,1,1,1,1;1,1,1,1,1,1,1,1;1,1,1,1,1,1,1,1;1,1,1,1,1,1,1,1;1,1,1,1,1,1,1,1];
