% setup_Betacorr.m
% Corrected beta: Exp(dZ(t)*theta)

%Drop at 66
Betacorr = [1.0617, 1.05447, 1.04768, 1.04126, 1.03523, 1.02959, 1.02429,...
1.01933, 1.01471, 1.01042, 1.00643, 1.00274, 0.999337, 0.99622,...
0.993359, 0.99076, 0.988427, 0.986315, 0.984446, 0.982807, 0.981381,...
0.980151, 0.979134, 0.978309, 0.977666, 0.977203, 0.976909, 0.976786,...
0.976816, 0.976977, 0.977311, 0.977756, 0.978354, 0.97905, 0.97986,...
0.980798, 0.981834, 0.982938, 0.984164, 0.985467, 0.806821, 0.988339,...
0.988334, 0.988342, 0.988352, 0.988341, 0.988331, 0.988346, 0.988339,...
0.988347, 0.988331, 0.988353, 0.988328, 0.988356, 0.988333, 0.988337,...
0.988357, 0.988326, 0.988362, 0.988334, 0.988334, 0.988335, 0.988338,...
0.988358, 0.988335];

%--------------------------------------------------------------------------
% NOTE: The following was in the original code, but if each Beta
% corresponds to Beta_s for s=26 to 90 (inclusive), then we should see a
% drop at Beta_66, not Beta_65.
%--------------------------------------------------------------------------
% %Drop at 65
% Betacorr = [
% 1.0649141e+00,1.0579968e+00,1.0514217e+00,1.0451790e+00,1.0392591e+00,...
% 1.0336529e+00,1.0283519e+00,1.0233477e+00,1.0186323e+00,1.0141979e+00,...
% 1.0100373e+00,1.0061433e+00,1.0025092e+00,9.9912824e-01,9.9599427e-01,...
% 9.9310116e-01,9.9044306e-01,9.8801430e-01,9.8580946e-01,9.8382325e-01,...
% 9.8205060e-01,9.8048658e-01,9.7912645e-01,9.7796558e-01,9.7699952e-01,...
% 9.7622393e-01,9.7563459e-01,9.7522741e-01,9.7499842e-01,9.7494373e-01,...
% 9.7505955e-01,9.7534220e-01,9.7578805e-01,9.7639357e-01,9.7715529e-01,...
% 9.7806981e-01,9.7913379e-01,9.8034393e-01,9.8169700e-01,8.2872135e-01,...
% 9.9021110e-01,9.9021110e-01,9.9021110e-01,9.9021110e-01,9.9021110e-01,...
% 9.9021110e-01,9.9021110e-01,9.9021110e-01,9.9021110e-01,9.9021110e-01,...
% 9.9021110e-01,9.9021110e-01,9.9021110e-01,9.9021110e-01,9.9021110e-01,...
% 9.9021110e-01,9.9021110e-01,9.9021110e-01,9.9021110e-01,9.9021110e-01,...
% 9.9021110e-01,9.9021110e-01,9.9021110e-01,9.9021110e-01,9.9021110e-01];